0000000000000000000000000000000000000000000000000000000000000000000000000000000000000000000000000000100000000000000000001100000000000000000000110000000000000000000110000000000000000000110000000000000000000011111111111100000001100000000000000000110000000000000000010000000000000000011000000000000000001100000000000000000010000000000000000000000000000000000000000000000000000000000000000000000000000000
0000000000000000000000000000000000000000000000000000000000000000000000000000000011000000000000000000011000000000000000000011000000000000000000011000000000000000000001111111111111000000010000000000000000001100000000000000000110000000000000000011000000000000000001100000000000000000110000000000000000001000000000000000000000000000000000000000000000000000000000000000000000000000000000000000000000000000
0000000000000000000000000000000000000000000000000000000000000000000000000000000000100000000000000000001000000000000000000001000000000000000000001100000000000000000001100000000000000000000111000000000000000000111111111110000000111000000000000000111000000000000000011000000000000000001100000000000000000010000000000000000000100000000000000000000000000000000000000000000000000000000000000000000000000000
0000000000000000000000000000000000000000000000000000000000000001100000000000000000001000000000000000000001000000000000000000011000000000000000000011000000000000000000011000000000000000000011111111111000000000100000000000000000010000000000000000001100000000000000000110000000000000000001000000000000000000110000000000000000001000000000000000000000000000000000000000000000000000000000000000000000000000
0000000000000000000000000000000000000000001000000000000000000011000000000000000000010000000000000000000110000000000000000000111000000000000000000011000000000000000000001111111111100000000110000000000000000001000000000000000000100000000000000000011000000000000000001100000000000000000110000000000000000011000000000000000000000000000000000000000000000000000000000000000000000000000000000000000000000000
0000000000000000000000000000000000000000000000000000000000000000000000000000000000100000000000000000000110000000000000000000110000000000000000000110000000000000000000110000000000000000000110000000000000000000111111111110000000011000000000000000001100000000000000000110000000000000000011000000000000000000100000000000000000010000000000000000001000000000000000000010000000000000000000000000000000000000
0000000000000000000000000000000000000000000000000000000000000000000000000000000000110000000000000000000110000000000000000000110000000000000000000011000000000000000000011111111111000000001100000000000000000010000000000000000001000000000000000000100000000000000000010000000000000000001000000000000000000000000000000000000000000000000000000000000000000000000000000000000000000000000000000000000000000000
0000000000000000000000000000000000000000000000000000000000000000000000000000000000011000000000000000000011000000000000000000010000000000000000000110000000000000000000100000000000000000000110000000000000000000111111111100000000011000000000000000001100000000000000000010000000000000000001100000000000000000010000000000000000001100000000000000000110000000000000000001000000000000000000000000000000000000
0000000000000000000000000000000000000000000000000000000000000000000000000000000001000000000000000000011000000000000000000001000000000000000000001000000000000000000001000000000000000000001111111111100000000110000000000000000001000000000000000000100000000000000000011000000000000000001100000000000000000110000000000000000011000000000000000000000000000000000000000000000000000000000000000000000000000000
1000000000000000010001000000000000011000001000000000001100000001000000000110000000011000000011000000000011000001000000000000011000100000000000000011010000000000000000011000000000000000001110000000000000001110000000000000000110000000000000000011000000000000000001100000000000000000110000000000000000001000000000000000000000000000000000000000000000000000000000000000000000000000000000000000000000000000
1000000000000000000011000000000000000000010000000000000000000010000000000000010000110000000000001100000110000000000110000000110000000110000000000100000011000000000000100011000000000000001101100000000000000001110000000000000000110000000000000000011000000000000000001000000000000000001100000000000000000010000000000000000011000000000000000000000000000000000000000000000000000000000000000000000000000000
1000000000000000000010000000000000000000011000000000000000000011000000000000010000010000000000001100000010000000001100000000010000000110000000000110000011000000000000110011000000000000000101100000000000000000100000000000000000011000000000000000000100000000000000000011000000000000000001100000000000000000110000000000000000111000000000000000111000000000000000000000000000000000000000000000000000000000
1000000000000000100001000000000000011000001000000000000100000001000000000010000000001000000001100000000001000000110000000000001000001000000000000011000100000000000000010010000000000000000101000000000000000001110000000000000000011000000000000000000100000000000000000011000000000000000001100000000000000001100000000000000001110000000000000000110000000000000000000000000000000000000000000000000000000000
